e
2
Sible
A
Time
1032
1039
1102
1122
1132
1142
1232
1252
Time
1115
1130
1145
1215
1245
Ref.
Pt.
Ref.
Pt.
185
185
206
200
188
178
18/
34
/2
20
200
210
205
205
185
/82
CURRENT STUDY I
Bottle
No.
222
207
205
272
210
215
206
218
202
217
214
216
222
213
209
212
208
218
205
206
215
212
193
200
216
210
198
195
187
187
195
189
190
188
CURRENT STUDY II
Bottle
No.
925
343
330
310
342
353
34
345
339
350
358
35/
350
350
355
353
233
236
222
214
214
215
210
208° 202
202
195
195
322
320
335
337
345
339
354
353
244
229
﻿238
228
224
200
20
10
318
335
331
353
254
230
240
224
218
210
199
183
3/6
334
336
350
358
/2
260
238
248
248
235
230
315°
330°
335
350
358
8
