O
HIGH LIMI
POPULATION
N=55
20.
22.
﻿330
0030
0130
OW LIME
JLATION
N=50
1930
2030
2130
230
2330
0030
— —
--—
HIGH LIMPET
P0P
ULATION
V=56
0830
0930
1030
1130
1230
1330
- TMT
LOW LIME
CION
POI
N=48
0830
0930
1030
1130
1230
1330
-T
ED LEI
LIMPETS ORIEN
STANDARD
y
TTON
9.05
1.82
9.50
1.59
8.88
1.46
9.19
1.72
9.04
1.56
8.90
1.63
1.63
8.90
9.52
1.68
8.82
1.64
9.18
2.81
8.50
1.60
9.00
1.63
8.53
1.62
8.53
1.62
7.74
1.56
7.74
1.56
1.54
7.63
1.67
7.80
7.74
1.49
1.56
7.76
9.00
1.46
1.58
8.93
8.71
1..
1.59
7.80
2.05
8.10
8.29
1.38
LIMPETS ORIENTED RIGHT
STANDARD
VIATION
4.06
2.41
1.93
3.73
1.36
2.04
3.82
1.12
3.86
1.12
3.89
1.14
4.18
3.20
1.60
3.41
4.45
2.74
3.75
1.50
4.07
2.18
4.12
2.03
4.15
2.03
4.11
1.31
4.11
1.31
4.16
1.06
4.17
1.40
4.24
1.28
4.08
1.40
4.03
1.47
4.06
1.46
4.1
1.97
4.48
1.85
4.28
2.03
4.48
2.05
Tie 3
3/8
(lan C Hlleg
