TABLE a
Date of
Total
Depth Range (n! Jotal u Sergs
Shallouest
Deepest
Createst
Jotal 4 Sergs
Dive Sergs/Descent of Sightings
Depth Range Sighting (n) Sighting (n) Depth Reached Greatest Depth
04/26/89
140.36
448. J6
0.085
0.027
05/02/89
415.73
71.75
0.056
0.009
06/15/89
275.53
0.29
404.77
275.5
0.197
10/03/89
56.14
0.214
415.14
416
0.029
10/10/89
16.15
0.31
175.87
391.97
0.012
11/15/89
47.08
0.935
405.08
0.107
12/05/89
30.78
357.84
388.62
0.046
01/25/90
101.98
0.235
398.98
0.060
03/13/90
152.4
0.039
73.08
220.68
0.014
04/30/90
299.92
299.97
0.002
05/22/90
0.096
428.55
0.028
07/16/90
188.06
0.138
194.46
382.57
0.066
07/23/90
170.99
0.018
182.88
353.87
0.007
08/06/90
118.26
0.059
257.25
373.31
0.019
10/01/90
0.188
304.19
JJ6.19
0.018
11/08/90
202.03
498
0.874
484.63
0.335
11/13/90
137.16
0.189
435.0
317.9
0.097
12/11/90
134.65
0.342
466.63
0.094
12/20/90
62.48
0.352
318.82
381.J
0.058
01/22/91
99.06
0.04
333.45
432.51
0.009
02/28/91
53.59
0.075
257.56
911.13
0.03
03/19/91
201.77
438.9
0.02
237.13
0.009
05/07/91
248.11
453.85
0.077
205.74
0.041
06/27/89
50.6
0. 435
321.87
372.47
0.059
09/12/89
94.44
0.688
383.44
0.167
09/29/89
0.749
69.42
300
369.42
0.139
12/20/89
50
110.63
5.116
85
395.63
1.433
02/28/90
72.77
0.807
112.77
260
0.243
03/26/90
379.17
150.27
0.606
228.9
0.239
05/23/90
139.91
364.83
224.94
0.886
0.337
06/04/90
214.36
1.087
448.J6
0.320
06/12/90
77.42
0.827
285.9
363.32
0.176
09/10/90
105.46
0.313
263.35
J68.81
0.090
11/12/90
243.53
1.302
216.41
459.94
0.688
12/03/90
﻿168
182.37
0.92
275.54
458.11
0.366
01/07/91
193.8
193.8
0.263
0.112
04/18/91
249.84
510.84
0.236
0.115
05/06/91
281.33
0.878
179.83
461.16
0.536
