A13
FI
G1
Al7
G2
A7
F2
A2
A15
A8
G3
F6
A16
A5
A12
G4
OUTFALL
F7
A19
A9

5
o
﻿88
91
91
90
83
69
66
60
20
16
12
2.5
2.5
2.5
1.3
2.5
5.4
E
11.3
6.31
7.17
13.4
9.32
12.1
11.65
10.2
9.9
10.6
7.91
9.26
10.1
10.2
10.0
7.37
9.99
10.4
7.0
﻿424
﻿1172
﻿68
﻿60
16
﻿260
304
22
27
﻿86
105
0.354
67.22
163.46
5.07
6.49
1.32
22.32
0.88
0.61
0.66
9.48
32.84
0.09
2.16
2.70
11.6
10.5
0.3
0.86
2
11
8
6
5
2
13
0.35
60.55
8.17
3.58
16.46
5.49
3.89
2.0
2.83
2.37
1.81
1.43
2.67
1.08
3.6
1.5
4.2
2.09
1.03
0.0
1.18
1.17
1.3
1.1
1.0
1.5

2
0.8112
1.94
1.56
1.41
0.98
3.9999
0.3138
1.6577
0.6500
1.5566
1.46
0.1117
0.0
0.4394
0.4550
0.8126
0.3677
0.0
0.6500
