A1O
F3
G5
A6
B2
G6
F4
G7
10 F5
B6
G8
11 F8
B7
B16
12 F9
G9
Bl1
O3 F10
G10
.
2
12.3
12.2
17
﻿24
26
32
35
51
54
57
84
87
87
115
115
115
146
﻿146
146
16.3
7.6
8.54
8.1
10.4
7.24
3.99
8.59
7.87
14.6
5.89
8.9
9.4
12:2
6.58
5.98
10.9
8.9
4.96
55
89
20
15
﻿294
181
340
313
141
245
174
18
32
142
﻿174
28
205
96
0.184
7.20
10.43
2.47
1.44
40.61
45.3
39.57
39.77
9.83
41.53
19.55
1.802
2.6
21.58
29.06
2.57
23.03
19.34
2
12
11
13
12
10
12
12
10
11
10
10
15
5.94
22.45
29.72
20.96
17.74
14.98
1.0
1.2
2.54
1.0
1.59
2.03
1.45
1.81
1.96
3.8
1.98
3.54
4.94
2.72
2.99
2.42
8.6
4.14
3.05
4

0.0
0.4394
1.78
0.0
1.64
1.69
1.15
1.61
1.21
2.24
1.74
1.74
2.89
3.37
2.09
1.73
2.93
3.14
2.14
