Station Salinity Temp. pH
PO,
Ne,
D.09
128
asl
tgafL
1/2
Logpl
Eow Tide
33.74
10.7
7.76
﻿.088
5.76
3.39
33.75
10.5
7.81
6.27
﻿.058
6.66
33.66
7.88
10.2
5.00
.023
6.80
0.98
76
6.61
115
2.0
19.2
6.83
.115
19.
6.71
2.4
110
091
22.74
﻿62
153
﻿.274
7.09
2.8
16.
32.29
26
7.58
﻿.038
11.6
2.0
.091
30.39
12.4
30
7.62
.153
.183
3.3
33.86
﻿274
7.80
3.00
.004
11.0
3.0
10
33.95
7.86
10.5
2.00
.027
7.2
5.00
33.45
11
.023
6.8
7.88
11.2
33.45
12
10.8
7.89 2.00
023
6.8
13
33.98
004
11.6
7.52
3.00
7.2
14
33.86
.073
11.1
7.59 4.00
33.96
15
11.8
7.71
1.00
.024
7.3
16
33.97
.027
12.4
8.03
.091
1.00
High Tide
33.50
13.3
6.00
.065
8.12
11.2
411
33.29
11.5
8.06
6.00
.073
8.4
365
33.54
7.00
.096
﻿.548
8.01
31.04
29
12.3
7.79
7.0
.183
.092
31.14
29
﻿088
11.8
6.9
.046
7.80
31.32
.188
.594
12.0
6.8
7.81
31.36
157
27
7.81
411
33.54
11.0
7.90
7.6
.365
21
.131
10
33.73
11.5
8.05
6.00
457
.042
9.2
33.69
8.26
8.5
365
11
11.3
3.00
.042
12
10.9
7.8
.320
33.81
8.01
3.00
.050
13
33.95
8.38
11.4
.040
7.9
.228
2.00
﻿14
33.70
8.22
.046
3.00
061
8.2
12.1
33.75
15
12.7
.050
.365
8.51
1.00
8.1
16
33.66
091
12.4
8.21 0.90
.015
Sample Station Locations

O
2
(
(8

61
Outfall
9

-Hopkinss Marine Station
(0
C12
Aom
11
170
