HI
11
J1
DI1
OUTFALL
H2
12
J2
67
13
C13
H3
J3
H4
14
C8
H5
15
C10
J4
5

Hf.
E
5
88
82
82
69
10
10
10
11
11
12.6
12.6
12.6
16
21
19
22
26
28
31
2.99
2.92
2.29
4.0
3.15
1.24
3.6
3.08
2.26
5.20
3.52
3.85
3.640
3.125
3.4
6.74
2.51
3.8
4.9
143
39
16
265
28
26
82
﻿62
28
197
117
57
84
85
﻿252
1138
84
﻿188
74
47.83
13.8
6.99
66.25
8.9
20.93
22.75
20.13
12.38
37.88
33.24
14.82
23.1
27.2
75.74
20.47
33.43
49.47
15.1
8
3
5
7
12
8
9
10
10
11
15
33.72
18.18
24.58
42.2
26.6
3.71
2.19
6.66
7.529
1.79
2.12
2.99
3.27
3.35
3.60
2.10
5.27
2.56
3.98
4.81
4.22
4.19
3.79
4.29

2.2
1.6
2.5
2.1
1.02
0.99
1.87
1.98
2.3
5.1
1.4
2.4
1.9
2.28
2.68
2.41
2.37
2.37
2.57
