10
11
12

H6
J5
16
C19
J6
H7
17
D8
H8
18
J7
38
19
D16
H9
J9
110
D9
J10
H1O

2
Hf.
E
ae
46
47
47
47
84
84
84
85
111
111
111
115
115
125
130
145
148
148
185
﻿188
5
5.86
4.88
2.73
5.8
3.35
2.87
2.8
5.8
3.91
5.04
3.27
3.28
2.9
5.59
2.9
3.07
3.3
5.3
4.42
4.78
133
153
﻿124
﻿520
﻿66
﻿142
109
280
1.71
106
95
63
51
175
﻿88
103
60
180
263
﻿164
22.7
31.34
45.5
89.66
19.73
48.34
38.9
48.29
18.14
21.04
29.09
19.23
17.6
31.30
65.77
33.5
18.43
33.96
59.2
34.54
12
17
13
12
8
14
10
18
10
12
14
11
5
1)
47.31
38.82
22.77
18.4
48.53
28.63
46.87
6
2.58
4.14
3.47
3.10
5.01
2.95
6.08
4.22
1.97
5.53
3.54
1.74
2.85
3.47
4.78
2.54
4.79
4.39
1.45

1.97
2.4
3.78
2.1
2.63
1.95
2.92
2.5
1.62
2.8
2.0
1.27
1.73
2.2
2.7
0.81
2.73
2.5
0.98
1.3
