LI
K1
L2
K3
K4
MI
OUTFALL¬
L4
K2
L3
M2
L5
K5
K6
M3
M4
K7
M5
K8
K9
L9
K1O
LIO
10
11
S

HE.
8.96
82
82
10.751
11.495
60
﻿60
7.025
18
19.715
18
10.46
----
--------.
2.5
7.85
2.5 12.462
7.08
11
8.32
11
13
4.55
13
11.98
10.90
﻿22
9.63
22
54
12.93
54
15.216
84
15.42
17.18
84
115
11.61
115
13.05
146
8.06
﻿146
10.62

J.
——

2
﻿264
29.46
27.99
301
10.61
﻿122
16.79
﻿118
75
3.80
73
6.98
-------------
73
9.3
47
3.77
115
16.2
94
11.29
26.59
121
73
6.09
8.89
97
87
9.03
95
7.347
97
6.37
120
7.78
119
6.9
9.39
109
221
16.93
90
11.16
14.49
﻿154

18
10
11
8
8
11
12
13
11
14
12
12
14
17
18
15
5
6

7.88
28.78
2.72
13.68
5.32
3.87
5.38
2.13
2.06
--------------------
6.53
2.05
2.30
2.48
13.53
3.05
16.34
5.42
2.04
8.96
3.29
2.94
6.89
3.29
3.41
77.34
2.42
2.37
3.60
13.16
5.87
3.06
13.83
3.49
27

4.71
1.97
2.58
2.33
1.63
1.59
——-------
1.54
1.71
1.87
2.08
3.85
1.6
2.24
2.18
2.3
2.37
2.6
2.0
2.45
3.61
2.54
2.53
00
