Time
1032
1039
1102
1122
1132
1142
1232
1252
Time
1115
1130
1145
1215
5
12
Ref.
Pt.
Z
2
—
L
2
Ref.
Pt.
3
CURRENT STUDY I
Bottle No.
2
222° 233
215
207
200 205
212
185
197
206
215
218
210
202
222
185
227
216
230
233
222
214
210
206
214
213°
205
212°
200
208
218
209
206°
215
215
88 ° 205
212°
215
205
208
210
216
178
198
200
185
193
195
202
187
187
195
182
187
190
188
189
CURRENT STUDY II
Bottle No.
4
2
330
925
345
310
12
35
345
34
342
0
350
350
35/
358
350
5
353
8°
O°
355
0
10
3°
50
34
22
15
/2
20
﻿322
337
345
35.
30
9
236
224
214
215
210
202
195
195
320
335
339
354
12
10
244
254
﻿260
238
229°230
248
240
24
224 248
238
235
228
218
224
230
210
199
200
183°
20
10
12
315
3/6
318
334
330
335
337
335
336
350° 350
353
3
358
358
