TABLE 2. Average CFU per gram of sheath tissue.
(total EtOH treatment times in parentheses)
sheath
B0
6
number
11(2)
1.20E404
2.245405
2(2)
1.43E402
5.37E404
3(4)
4.67E402
1.67E402
1.07E404
4(4)
1.79E402
O.OOE400
1.20E403
95(2)
5.O0E405
5.71E404
3.14E405
16(4)
4.00E403
1.07E40
8.00E403
17(6)
1.50E403
7.00E402
2.10E403
8(8
4.00E402
6.63E403
1.60E404
9(2
1.40E405
2.445404
3.78E404
110(2
2.45E405
5.50E404
2.00E404
11(4)
1.20E404
2.35E403
112(4)
2.00E40.
2.50E405
113(4)
O.OOE4OC
6.00E402
114(2)
1.O0E402
9.00E403
115-1(2)
1.50E405
8.60E404
115-2(4)
5.30E404
5.90E404
115-3(6
O.OOE400
4.00E404
115-4(8)
O.00E400
O.OOE+00
