Station
0 Pipe
N 100
200
300
400
500
600
700
800
900
1000
S 100
200
300
400
500
600
700
800
900
1000
﻿1250
﻿1500
Total
116.2
93.5
58.5
46.5
24.1
33.6
60.3
43.2
19.0
39.5
22.3
201.5
77.4
112.6
117.2
178.7
83.1
140.2
89.3
96.0
86.3
95.1
92.5
Nematodes
80.7
48.8
47.3
36.3
13.4
14.7
29.4
15.2
6.8
5.1
6.2
117.6
43.0
87.0
110.6
145.4
62.5
113.9
70.7
74.5
58.0
52.3
78.7
TABLE I
Annelids
6.7
5.4
4.7
4.7
4.0
11.7
9.7
9.1
30.0
12.1
3.8
4.6
3.3
2.6
3.6
3.6
5.0
3.6
5.4
5.0
1.6
1.7
Nemerteans
Fla.worms
5.2
3.8
2.5
3.7
3.2
3.8
9.5
9.9
1.7
2.3
8.7
2.6
6.3
3.3
6.2
5.2
12.0
8.4
7.7
14.3
11.5
12.0
Copepods
23.6
35.5
1.8
1.8
8.1
9.7
9.0
1.4
1.4
1.7
71.4
27.2
16.0
23.0
11.8
10.7
6.6
8.4
9.0
30.0
248
