cm
4 cm
-3.5
cm
3 cm
2 cm
54684
.72720
3470
70380
49900
39662
﻿39250
.57962
.48412
﻿47012
48919
50654
﻿5820
.32976
.27464
.09217
﻿.11648
.13424
% SEWAGE: SALINITY
0.5
54694
.45092
.52504
64989
.67946
.60210
54885
.71134
49036
﻿3892
44562
51727
48874
﻿.47588
.47038
.50841
54838
44024
43030
﻿50504
41823
.50484
48620
.46791
﻿50724
165
﻿34452
.22894
36960
.20042
33513
.19662
.21788
.18850
.13624
.14770
.08976
.10010
.14391
13810
.38604
.60021
.60360
﻿57336
62625
.63862
﻿2552
6.
.60850
4059.
33425
143
5774
122
42714
54969
39599
2442
20683
﻿.12402
.1476
﻿.51038
﻿57840
.65462
233
.6
34281
3855
34656
35464
46033
14661
34853
57843
44447
34650
.28784
28590
25116
.18915
﻿.14742
.17991
50
.50604
.65475
﻿.47156
46354
﻿5762
44940
.273
.2.
.64116
49212
﻿238
﻿58538
.41605
16485
.27825
.08672
.27664
﻿.10686
﻿.16038
.08258
Le
