Macrocystis
ave.
rel. 5.
Prionitis
ave,
rel. §.
Ulva
ave
re 5
dom
940 ma
1037
870
104
987.5
6t.7
6.7 %
603.4
521. 6
911. 0
620.0
66+.o
147.4
227
8100
632.6
403.6
530.
627.
718.1
7711.0
147. 3
21%
TABLE
om Chlorine
pp
15
44
54
23
158
119.8
56.
5.6%
﻿328
442
334
443
399
10.6
11.6%
242.8
343.9
217.6
135.6
247.5
78.7
169
10
443
495
352
674
603.5
14
II.3 %
484.8
649.5
574.0
468.2
546.7
18.2
16%0
410.8
318.4
125.
—
121.2
21%
09
1293
505
173
835
274.7
28%
818.0
674.3
57.3
43.6
156.7
23%
384.0
1014.0
343.0
54.0
591.3
290
41 7
﻿770
1066
﻿368
/301
873.5
347.
37.3 %
418.3
640.3
868.6
(42.3
186.2
28.470
278.
119.5
07.2
357.4
621.1
180.6
25 7
