A
Time
1032
1039
1102
1122
1132
1142
1232
1252
B
Time
1115
1130
1145
1215
124
Ref.
Pt.
—

2
2
2
Ref.
Pt.
200
185
197
185
210
206
205
200
188°205
178
185
182
181
34
22
15
12
20
12
8
10
CURRENT STUDY I
No.
Bottle
4
215
222
205
212
207
215
218
206
210
202
214
216
227
230
222
213
209
212
208
218
215
206
215
212
205
216
210
193
198
200
187
195
195
187
189
190
168
CURRENT STUDY II
Bottle No.
4
925
345
330
310
339
345
342
34
353
350
35/
350
358
350
4
355
0
355
3
3
7
10
244
233
236
224
229
222
214
24
233
214
215
238
2/0 °228
215
224
208° 202
200
202
195
20
195
8
10
322
﻿318
320
335
335
337
339
331
345
354
353
353
254
230
240
224
218
210
199
183
3/6
334
336
350
358
12
260
﻿238
248
248°
235
230
12
315
330
335
350
358
3,
