CONCENTRATION
(PPB)
1.0
1.0
1.0
1.0
O.1
O.1
0.1
0.1
0.015
0.015
0.015
0.015
TABLE
TISSUE
CONCENTRATION FACTOR
MEAN
STANDARD
DEVIATION
Brain 138.1 139.8 181.7
24.7
153.2
24.4
Gills 57.3 102.7
85.2
95.5
Liver 181.5 213.0 309.8
234.7
66.9
13.4
44.6 55.3
Muscle
12.5
30.3
714.5 ---
825.6
Brain 936.7
157.2
———
640.2
Gills 900.7
379.6
368.5
873.0 955.2
1922.5 1747.1
Liver 3939.3
Muscle 182.2
83.1 97.0
126.8
55.3
Brain 1646.3 1476.9 1111.9 1411.7
273.1
1081.6
Gills 2593.8 1159.8 474.3 1409.3
241.8
Liver 2744.0 916.3 1435.7 1698.6
13.6
Muscle 308.2 282.6 287.6
292.8
kog
