INCUBATION
(HOURS)
2/3
2/3
2/3
2/3
2
2
4
TISSUE
Brain
Gills
Liver
Muscle
Brain
Gills
Liver
Muscle
Brain
Gills
Liver
Muscle
Brain
Gills
Liver
Muscle
Brain
Gills
Liver
Muscle
TABLE 1
SAMPLES
MEAN
(PPB
28.0 49.6 18.6
32.1
21.0 34.6 27.7
27.8
76.3 133.6 110.8
106.9
14.9 27.0 17.6
19.8
114.6 47.5 44.7 69.0
41.0 5.7 35.7 27.5
150.4 72.7 178.3
133.8
39.9 0.0 14.0 16.0
56.0 63.9 58.2
59.4
32.4
32.7 27.0 37.6
147.9 165.0 171.0
161.3
10.9 19.7 11.6
14.1
62.6 141.5 66655
90.2
50.h 78.7 45.4
58.2
244.0
172.0 280.2 279.7
29.3 62.9 18.6
36.9
118.0 92.7 156.4 122.1
111.3 54.1 147.5
104.3
257.4 318.7 321.4 299.2
44.3
4h.1 43.0 45.7
STANDARD
DEVIATION
15.9
6.8
28.9
6.4
17.1
19.0
54.7
13.9
4.1
5.3
6.9
4.9
44.5
18.0
62.3
23.1
31.6
47.1
35.9
1.4
