CONCENTRATION TISSUE
(PPB)
1.0
Brain
1.0
Gills
1.0
Liver
Muscle
1.0
Brain
O.1
O.1
Gills
0.1
Liver
Muscle
O.1
0.015
Brain
0.015
Gills
0.015
Liver
Muscle
0.015
TABLE 2
SAMPLES
MEAN
STANDARD
DEVIATION
24.7
138.1 139.8 181.7
153.2
85.2 24.4
57.3 102.7 995.5
181.5 213.0 309.8
234.7
66.9
13.4
30.3 44.6 55.
12.5
93.7 71.4 ---
82.6
15.7
90.1 38.0 ---
64.0 36.8
393.9 87.3 95.5 192.2 174.7
5.4
18.2 8.3 9.7
12.7
24.7 22.2 16.7
21.2
3.9
21.1 16.2
38.9 17.4 7.1
11.2 13.7 21.5
25.5 14.1
4.4
4.6 4.2 4.3
0.2
o
