APPENDIX 2
Generic month T2, T3
Easy does it #1
Fatiday=2.15% in 9
Squid lb Sar lbs
Total lbs Squi kcal Sar kcal Tot kcal
Day
7.5 1.860254 1.111615 2.971869
7.5 1.860254 1.111615 2.971869
7.5 1.860254 1.111615 2.971869
7.5 1.860254 1.111615 2.971869
7.5 1.860254 1.111615 2.971869
7.5 1.860254 1.111615 2.971869
7.5 1.860254 1.111615 2.971869
7.5 1.860254 1.111615 2.971869
7.5 1.860254 1.111615 2.971869
7.5 1.860254 1.111615 2.971869
7.5 1.860254 1.111615 2.971869
7.5 1.860254 1.111615 2.971868
7.5 1.860254 1.111615 2.971869
7.5 1.860254 1.111615 2.971869
1.860254 1.111615 2.971869
1.860254 1.111615 2.971868
1.860254 1.111615 2.971869
7.5 1.860254 1.111615 2.971869
7.5 1.860254 1.111615 2.971869
7.5 1.860254 1.111615 2.971868
1.111615 2.971869
7.5 1.860254
7.5 1.860254 1.111615 2.971869
7.5 1.860254 1.111615 2.971869
7.5 1.860254 1.111615 2.971869
7.5 1.860254 1.111615 2.971869
7.5 1.860254 1.111615 2.971869
7.5 1.860254 1.111615 2.971869
7.5 1.860254 1.111615 2.971869
1.860254 1.111615 2.971869
7.5 1.860254 1.111615 2.971869
7.5 1.860254 1.111615 2.971869
77.5 Total kcallmonth
92.12795
155 tot sar lb
tot sq ib
Generic month T1
Easy Does it Model #1
Fat.day=2.93% in g
Day
Squid lb Sar lbs
Total ibs Squi kcal Sar kcal
Tot kcal
10 1.860254
2.22323 4.083485
10 1.860254
2.22323 4.083485
10 1.860254
2.22323 4.083485
10 1.860254
2.22323 4.083485
10 1.860254
2.22323 4.083485
10 1.860254
2.22323 4.083485
1.860254
2.22323 4.083485
10 1.860254
2.22323 4.083485
10 1.860254
2.22323 4.083485
10 1.860254
2.22323 4.083485
10 1.860254
2.22323 4.083485
10 1.860254
2.22323 4.083485
10 1.860254
2.22323 4.083485
10 1.860254
2.22323 4.083485
10 1.860254
2.22323 4.083485
10 1.860254
2.22323 4.083485
10 1.860254
2.22323 4.083485
10 1.860254
2.22323 4.083485
10 1.860254
2.22323 4.083485
10 1.860254
2.22323 4.083485
10 1.860254
2.22323 4.083485
10 1.860254
2.22323 4.083485
10 1.860254
2.22323 4.083485
10 1.860254
2.22323 4.083485
10 1.860254
2.22323 4.083485
10 1.860254
2.22323 4.083485
10 1.860254
2.22323 4.083485
10 1.860254
2.22323 4.083485
10 1.860254
2.22323 4.083485
30
10 1.860254
2.22323 4.083485
10 1.860254
2.22323 4.083485
tot sqib.
155 totsarib
155 Total kcallmonth
126.588
