APPENDIX 1
Generic month T2/ Feast and Famine Model #1 Fat/day-1.607%in
Squid lb Sarlbs Total lbs Squi kcal Sar kcal Tot kcal
Day
7.5 1.860254 1.111615 2.971869
7.5 1.860254 1.111615 2.971869
7.5 1.860254 1.111615 2.971869
7.5 1.860254 1.111615 2.971869
8
7.5 1.860254 1.111615 2.971869
7.5 1.860254 1.111615 2.971869
178
37.5 7.441016 7.781307 15.22232
7.5 1.860254 1.111615 2.971869
7.5 1.860254 1.111615 2.971869
7.5 1.860254 1.111615 2.971869
7.5 1.860254 1.111615 2.971869
7.5 1.860254 1.111615 2.971869
7.5 1.860254 1.111615 2.971869
178
37.5 7.441016 7.781307 15.22232
20
30
7.5 1.860254 1.111615 2.971869
67.5 Total kcallmonth 69.07895
105 totsarib.
tot sgib.
Generic month T1 Feast and Famine Model #1 fat/day-1.987% in
Day
Squid lb Sar lbs Total lbs Squi kcal Sar kcal Tot kcal
10 1.860254 2.22323 4.083485
10 1.860254 2.22323 4.083485
10 1.860254 2.22323 4.083485
10 1.860254 2.22323 4.083485
10 1.860254 2.22323 4.083485
10 1.860254 2.22323 4.083485
40 7.441016 8.892922 16.33394
0
10 1.860254 2.22323 4.083485
10 1.860254 2.22323 4.083485
10 1.860254 2.22323 4.083485
10 1.860254 2.22323 4.083485
10 1.860254 2.22323 4.083485
10 1.860254 2.22323 4.083485
40 7.441016 8.892922 16.33394
29
10 1.860254 2.22323 4.083485
tot sqib.
105 totsarib.
105 Total kcallmonth 85.75318
