5-17-71
neutralized
5-19-71
20
n 19
n 20
5-20-71
n220
n 21
5-17-71
n 18
5-19-
20
n 19
n 20
5-20-71
n 21
5-17-71
n 18
5-19-71
20
n19
n 20
5-20-71
21
n 20
n 21
GROVE
PACIFIC
%0 FERTILIZATION
dilutions
sea
1:4
1:16
water
1:8
95.5
10
11
97.5
10
99
98.
100
99
100
94
1.5
88.5
﻿42
17.5
85.0
15
85.5
95
20
15
85
11
27.5
5
99.5
﻿76
﻿54
13
81
100
17
100
92
8.5
10
6
99.5
99.5
100
99.5
99.5
99.5
100
100
6
40
95
﻿88
98
48
97
93
100
﻿58
77
95
36
85
99
99.5
99
99.5
80
86
93
94
98.5
100
99.5
12
95
100
100
100
100
100
100
98
96.5
34
82
99
42
45
96
64
11
73
﻿96
49.5
95.5
74
98.5
67
40
96
1:2
3
.5
17.5
37
4
82
5
99
118
1:1
21
99.5
100
18
99.5
63
figure 2
30.
